Expression 1: x^2 + 7x + 2
[  10,   20,   32,   46,   62,   80,  100,  122,  146,  172,  200,  230,
  262,  296,  332,  370,  410,  452,  496,  542,  590,  640,  692,  746,
  802,  860,  920,  982, 1046, 1112, 1180, 1250, 1322, 1396, 1472, 1550,
 1630, 1712, 1796, 1882, 1970, 2060, 2152, 2246, 2342, 2440, 2540, 2642,
 2746, 2852]

Expression 2: 3x + 2
[  5,   8,  11,  14,  17,  20,  23,  26,  29,  32,  35,  38,  41,  44,  47,
  50,  53,  56,  59,  62,  65,  68,  71,  74,  77,  80,  83,  86,  89,  92,
  95,  98, 101, 104, 107, 110, 113, 116, 119, 122, 125, 128, 131, 134, 137,
 140, 143, 146, 149, 152]

Expression 3: x^2
[   1,    4,    9,   16,   25,   36,   49,   64,   81,  100,  121,  144,
  169,  196,  225,  256,  289,  324,  361,  400,  441,  484,  529,  576,
  625,  676,  729,  784,  841,  900,  961, 1024, 1089, 1156, 1225, 1296,
 1369, 1444, 1521, 1600, 1681, 1764, 1849, 1936, 2025, 2116, 2209, 2304,
 2401, 2500]

Expression 4: x^3
[     1,      8,     27,     64,    125,    216,    343,    512,    729,
   1000,   1331,   1728,   2197,   2744,   3375,   4096,   4913,   5832,
   6859,   8000,   9261,  10648,  12167,  13824,  15625,  17576,  19683,
  21952,  24389,  27000,  29791,  32768,  35937,  39304,  42875,  46656,
  50653,  54872,  59319,  64000,  68921,  74088,  79507,  85184,  91125,
  97336, 103823, 110592, 117649, 125000]

Expression 5: x^5
[        1,        32,       243,      1024,      3125,      7776,
     16807,     32768,     59049,    100000,    161051,    248832,
    371293,    537824,    759375,   1048576,   1419857,   1889568,
   2476099,   3200000,   4084101,   5153632,   6436343,   7962624,
   9765625,  11881376,  14348907,  17210368,  20511149,  24300000,
  28629151,  33554432,  39135393,  45435424,  52521875,  60466176,
  69343957,  79235168,  90224199, 102400000, 115856201, 130691232,
 147008443, 164916224, 184528125, 205962976, 229345007, 254803968,
 282475249, 312500000]

Expression 6: x^3 + 2x^2 + x + 10
[    14,     28,     58,    110,    190,    304,    458,    658,    910,
   1220,   1594,   2038,   2558,   3160,   3850,   4634,   5518,   6508,
   7610,   8830,  10174,  11648,  13258,  15010,  16910,  18964,  21178,
  23558,  26110,  28840,  31754,  34858,  38158,  41660,  45370,  49294,
  53438,  57808,  62410,  67250,  72334,  77668,  83258,  89110,  95230,
 101624, 108298, 115258, 122510, 130060]

Expression 7: x^4 - 3x^3 + 2x^2 - x + 11
[     10,       9,      26,     103,     306,     725,    1474,    2691,
    4538,    7201,   10890,   15839,   22306,   30573,   40946,   53755,
   69354,   88121,  110458,  136791,  167570,  203269,  244386,  291443,
  344986,  405585,  473834,  550351,  635778,  730781,  836050,  952299,
 1080266, 1220713, 1374426, 1542215, 1724914, 1923381, 2138498, 2371171,
 2622330, 2892929, 3183946, 3496383, 3831266, 4189645, 4572594, 4981211,
 5416618, 5879961]

Expression 8: sin(x)
[ 0.84147098,  0.90929743,  0.14112001, -0.7568025 , -0.95892427,
 -0.2794155 ,  0.6569866 ,  0.98935825,  0.41211849, -0.54402111,
 -0.99999021, -0.53657292,  0.42016704,  0.99060736,  0.65028784,
 -0.28790332, -0.96139749, -0.75098725,  0.14987721,  0.91294525,
  0.83665564, -0.00885131, -0.8462204 , -0.90557836, -0.13235175,
  0.76255845,  0.95637593,  0.27090579, -0.66363388, -0.98803162,
 -0.40403765,  0.55142668,  0.99991186,  0.52908269, -0.42818267,
 -0.99177885, -0.64353813,  0.29636858,  0.96379539,  0.74511316,
 -0.15862267, -0.91652155, -0.83177474,  0.01770193,  0.85090352,
  0.90178835,  0.12357312, -0.76825466, -0.95375265, -0.26237485]

Expression 9: cos(x)
[ 0.54030231, -0.41614684, -0.9899925 , -0.65364362,  0.28366219,
  0.96017029,  0.75390225, -0.14550003, -0.91113026, -0.83907153,
  0.0044257 ,  0.84385396,  0.90744678,  0.13673722, -0.75968791,
 -0.95765948, -0.27516334,  0.66031671,  0.98870462,  0.40808206,
 -0.54772926, -0.99996083, -0.53283302,  0.42417901,  0.99120281,
  0.64691932, -0.29213881, -0.96260587, -0.74805753,  0.15425145,
  0.91474236,  0.83422336, -0.01327675, -0.84857027, -0.90369221,
 -0.12796369,  0.76541405,  0.95507364,  0.26664293, -0.66693806,
 -0.98733928, -0.39998531,  0.5551133 ,  0.99984331,  0.52532199,
 -0.43217794, -0.99233547, -0.64014434,  0.30059254,  0.96496603]

Expression 10: x^5 + 4x^4 + x^3 - 2x^2 + 100
[      104,       196,       676,      2180,      5800,     13204,
     26756,     49636,     85960,    140900,    220804,    333316,
    487496,    693940,    964900,   1314404,   1758376,   2314756,
   3003620,   3847300,   4870504,   6100436,   7566916,   9302500,
  11342600,  13725604,  16492996,  19689476,  23363080,  27565300,
  32351204,  37779556,  43912936,  50817860,  58564900,  67228804,
  76888616,  87627796,  99534340, 112700900, 127224904, 143208676,
 160759556, 179990020, 201017800, 223966004, 248963236, 276143716,
 305647400, 337620100]

